0 2 520059
0 3 180540
0 5 465782
0 7 544919
0 9 979802
1 1 930886
1 2 898167
1 3 383426
1 6 747793
1 7 885386
2 0 595368
2 1 455736
2 2 89172
2 4 5211
2 7 513926
2 8 703135
2 9 18456
3 0 722862
3 1 898537
3 4 174067
3 7 961393
3 8 664370
3 9 760492
4 0 513929
4 1 478042
4 5 634022
4 6 636915
4 9 516649
5 2 702567
5 3 641421
5 6 413784
5 9 484421
6 0 133069
6 1 798315
6 3 665123
6 5 176229
6 9 594324
7 4 490027
7 5 21530
7 6 692777
7 9 175011
8 0 368690
8 1 575198
8 5 897763
8 6 202362
8 7 289383
8 9 723058
9 0 377373
9 3 238335
9 5 956429
10
